
  1551855614
  5693859841
  5208937422
  5564549327
  5737794689
  2065320976
  6206700878
  2036366894
  1999061722
  1069824153
  5614931316
  5819317484
  5739212631
  6160474529
  1849953640
  5615887242
  6212122130
  5267296499
  5618801624
  6964617007
  5489921988
  5535555662
  5490379359
  1187222825
  1791474586
  6464124879
  1564364924
  1313583143
  5551380485
  5963762324
  5030830672
  5338746658
  5001125217
  6594848505
  943040501
  2100027824
  6643664454
  5621713691
  6313326737
  6644988565
  6658130530
  6895661172
  6724983868
  2042630392
  6367877645
  978939319
  5832864871
  760582517
  5197272877
  6643128272
  5862457960
  5474372285
  6310726752
  1938066989
  6083199406
  6151122351
  5688969287
  6228842371
  6601916124
  6627252955
  6229377293
  6332930027
  5016885277
  5373210690
  6534739301
  6656456458
  2120607819
  2048462814
  6471455613
  5445040724
  1771423003
  5924716764
  1693904916
  812689238
  5744260139
  6397094103
  5524723363
  916719786
  5739508874
  6670280859
  1116329944
  6718006896
  5901137464
  6735165496
  1936271828
  5061205466
  980305035
  1747631860
  1063657394
  5189396674
  5604841332
  5626768633
  5848874400
  6738260236
  5357119278
  5253352514
  6810507169
  6296254712
  5974430652
  6698764427
  5813931833
  5650205961
  6843085349
  6498530133
  6558582897
  6309141307
  6638548044
  2055514753
  5966486784
  871146271
  6726778968
  5494863929
  966605622
  6551014987
  5823355025
  1778429081
  5992214932
  5579872106
  6193557682
  5520332125
  6631361532
  6555663434
  1792690504
  1749415088
  5807723666
  6387911058
  1710066881
  6725543105
  1107354440
  5933354399
  5046613078
  6977738255
  1439552912
  1100069371
  6664123838
  5015638956
  6388828060
  5486253003
  1874930346
  6258334953
  5827012499
  384019087
  5919866920
  603456953
  5242656267
  6254989568
  2022277563
  1793128900
  5686764761
  6561658194
  6583166914
  6222414800
  6523833020
  6118209411
  5054717899
  6014436457
  6267692804
  1774893202
  1529837686
  6181813301
  1876076955
  1842124950
  5547439459
  1017710093
  5700190965
  6451238210
  6412718409
  5067626638
  6419382660
  1813209221
  6277707776
  6173649515
  1394221817
  5336635376
  824011466
  6641458307
  754499255
  937780746
  1808632035
  5300587625
  6537898886
  6794351695
  5412817016
  5706323195
  6162563878
  6359014438
  1098242780
  6194332376
  1969039192
  5750694085
  6242978545
  5609520112
  6603385496
  1419412908
  6027553169
  6311365292
  6176020969
  5100315230
  5620192979
  5587555979
  6561152281
  1786943088
  6727432075
  474412781
  6412997461
  6413785191
  1230041072
  983529957
  5667978188
  5639903492
  1659884098
  6900057606
  1757270035
  1831420984
  1543802192
  5635994589
  6891421601
  817637932
  5576399683
  941176402
  5085599625
  5511267540
  6199850209
  2096107543
  6356284216
  1092056879
  768962396
  6262915408
  1214426721
  6592723445
  5738172703
  5170824973
  6581261420
  5580760790
  806324888
  1744074198
  5629660210
  5564526223
  6059179715
  5912231368
  5875423886
  847739223
  6151893445
  6057355428
  5757198175
  5306375253
  5438904842
  5813831511
  1067564408
  5700175241
  5696161332
  6650108828
  1497857767
  1923887361
  6079068756
  5001549453
  1062580249
  5912773312
  5331804099
  1098700916
  1137313235
  5429056921
  1287743707
  6890104279
  5547308026
  5603089418
  6267815610
  6299169820
  1756476474
  5895822200
  1660226532
  6953781616
  5141910258
  6476270566
  6700978256
  6288667210
  5445983411
  5581718934
  6876006284
  6019894719
  5330489113
  5452960264
  1708219712
  6619170900
  1170015398
  5916389999
  6320225743
  758227232
  5656342562
  6618723391
  1339970983
  5810846053
  5059466252
  5319347925
  6298105790
  1464113522
  6425560260
  6048873417
  6286019197
  5789712470
  5801221209
  5812367643
  1790567077
  1390234172
  5669573736
  5867926896
  5771929335
  5442612370
  1689306190
  6659836947
  6603213983
  6448528184
  6128911534
  6909321592
  6618823969
  6939867240
  103436718
  6912381127
  6154307457
  1449277539
  6221699737
  5563540532
  1403900563
  1054825942
  6537574456
  1954406899
  2131114739
  5002288976
  6432829264
  6211559681
  6134675881
  6187212361
  1879420888
  6013162945
  5609918060
  5760530760
  6327990048
  2102714691
  6391478342
  2105849683
  5984214165
  6162934762
  871170944
  5982019755
  5344503432
  5330361945
  6045129520
  1981989668
  6092339002
  5362545897
  1436593042
  1090854243
  5564105169
  5952285677
  5119436647
  5671846174
  5341647449
  2008383450
  1196189467
  1922288561
  925921182
  1957334086
  1839688531
  6090873773
  6106728120
  481443021
  1066828847
  6358265324
  6814080940
  5744776704
  5904057280
  5661427232
  807205998
  1175683798
  2090146477
  6532107782
  5404965772
  278277697
  6578959058
  6431242545
  6982216113
  5110874775
  6651846511
  5541778612
  1614323359
  5062769219
  5936335086
  6533838263
  6554256053
  6328229438
  662469080
  1424124695
  6620118177
  6030549702
  6478490530
  6123595790
  5681666756
  5688261512
  714947142
  1374843099
  2138949842
  1287023218
  1033691923
  6299751567
  479417818
  6502223129
  1900270924
  6799264952
  6589064835
  1010584588
  1837311403
  6472135569
  5785775850
  5209999948
  5268878584
  1537156800
  1042842614
  1825555617
  5773670461
  1490110535
  6388316788
  5751509191
  5823568851
  5456251976
  6327160644
  5669149077
  5577131258
  5167561092
  5977310210
  5944651134
  6591232758
  5920680314
  1979435432
  686820663
  1808482393
  5937143138
  6167786820
  6174679975
  1053166970
  2132329953
  6071789139
  6546128225
  2095612291
  236294396
  5160908907
  5041848979
  1104616254
  1564218068
  1781140322
  6081141611
  6763240503
  6444484937
  5584091069
  6013467267
  6611170701
  6166995767
  1840540748
  2096832076
  5970133952
  6619294544
  5334808432
  5650992639
  5318797272
  5701156593
  5630394817
  1856095435
  1146969299
  6259840889
  6173444499
  6592072494
  2072954350
  1961295014
  6776071606
  5602271854
  890969663
  6632115071
  920333992
  6109165147
  2036968616
  6619459572
  1843789814
  6602574414
  1683533286
  875944402
  6759655891
  559569999
  1935060797
  936661900
  1821323180
  6596211427
  1418374565
  5238722940
  6986858491
  6873555882
  2110278726
  1931707961
  5061520841
  6421821107
  5083437262
  1188096345
  5924886344
  6351009383
  6504748681
  1563779093
  2036497362
  6424650822
  1630107328
  2007685663
  6332388504
  1476567845
  5573449992
  1774806803
  6397945537
  5649183195
  6428503108
  6929133848
  6160782102
  2044897905
  6669154381
  6525172466
  623607821
  1082215031
  5014230279
  518743649
  1826515260
  6193973965
  5544868677
  5650691926
  5604479360
  6666037157
  6656214101
  448275421
  1094191483
  6167128651
  1468631352
  915041123
  5802481316
  5063447949
  6457644210
  5851024326
  5525911347
  6832268120
  5247170607
  6499670133
  5669860348
  5978665477
  6911173861
  6678414029
  6216582857
  855938400
  1414059869
  6185777017
  5142614008
  352035795
  6695916070
  6512284670
  6081714634
  5850311536
  5126813202
  5164629206
  1004033221
  6788303415
  1977845884
  1041521072
  819165129
  5676118624
  2133144656
  6279009028
  6139309855
  2104400658
  6365379500
  5362140810
  6723872531
  6164283415
  6356979448
  5994052752
  6086872119
  6920432096
  1791719585
  1109576617
  6366454380
  5555937852
  6215512745
  5890374285
  5833348943
  1634438110
  6296513477
  5686570316
  961398945
  5368426032
  6814539085
  6460616307
  6350482434
  510931237
  5454157595
  1701671331
  5192649205
  5455570663
  6868846921
  6669547166
  827713029
  6277138380
  911038220
  5495028462
  6663789387
  6278177105
  872336510
  681645663
  5913415358
  1251006263
  1261824873
  6224426699
  5190757619
  1769128982
  5248594154
  6298865832
  1028677310
  6470668539
  6464836886
  6620742799
  1821457997
  1321478904
  5510734474
  5857013420
  1063251059
  5521687808
  1122859672
  6097660640
  882287831
  5643940406
  6073588495
  6425863226
  5663622366
  6590807809
  6140933997
  1751377474
  5128597338
  979045106
  6180208562
  5922183026
  6327053364
  556781402
  2073953202
  995072339
  5066312266
  5232434274
  910946552
  6030558452
  5982340892
  5386151739
  6816560087
  5158103622
  5732779549
  1804240202
  685379209
  6334436643
  6036835584
  1977520299
  6792910883
  1663882069
  552470678
  2009323134
  982430586
  5332408198
  6323880347
  6673172590
  2102566330
  6028593108
  6436693769
  6597623820
  6424951013
  1101612169
  5083768037
  6569317541
  526211731
  6644420657
  6474146678
  2009314613
  1006777202
  650270517
  6271141815
  5254184854
  6328061810
  6225242401
  5854616867
  6391380183
  6393011404
  5307751627
  5690252740
  5062014987
  5360545952
  6101807477
  6115506131
  5923536114
  5200737590
  5254327837
  1192623939
  1476929112
  5419587076
  6009530347
  6230226541
  6092793100
  683156400
  5867856551
  5289824017
  5333592552
  5026617009
  5798606875
  5094273464
  6175107749
  6555023191
  6390357193
  5357476907
  6781907844
  5299204740
  5761279356
  6394565190
  1209946641
  6061558973
  1397860700
  1292467095
  907182663
  6796975557
  6636411329
  6697100181
  966539150
  1822752710
  761762848
  6131069814
  1222589303
  5427218239
  6672531069
  6426567590
  6043353413
  5435208112
  5909772173
  6496431851
  1354359722
  6022874783
  5965307266
  6957044945
  6471635619
  1104321573
  1653661798
  6076033140
  5753712608
  6666494849
  5054381901
  5510125731
  6556331373
  6481407894
  6636917721
  5759406601
  6582880229
  6716590599
  1942121073
  6087059941
  6453042924
  6313207205
  2039936381
  2082027188
  6629201210
  6267545115
  2128720181
  6606122582
  6462380846
  5367230920
  183086259
  6432849343
  5715092401
  6366630881
  6105332402
  5035757086
  6899891667
  5978919562
  6671595002
  6967086422
  5174076776
  6468707940
  5324534650
  6167852614
  5337998263
  6253631476
  5959459874
  6235765036
  1228335343
  6510594140
  5766238423
  5644374014
  1996818019
  5622151345
  1357412697
  6839423372
  6129693420
  6288496706
  1655278820
  5795940045
  5261545622
  5233456757
  5748373133
  411474625
  560935904
  1944572591
  6489735170
  1918821279
  5393197735
  1708896339
  5095648694
  6437782459
  1690861449
  1658637598
  325412252
  6953804028
  6358096540
  6985013134
  1639474086
  6513610843
  6059271803
  1539277547
  789009161
  5632527150
  723033496
  893245474
  5952662414
  6319893321
  6494655723
  2022622858
  1947636502
  6221518621
  5833332302
  6563298526
  6233115062
  5697256728
  6573700866
  6542074415
  6585844755
  5165600230
  504172625
  5356474247
  5209121858
  6343396590
  6361831709
  5919030382
  1289513742
  6079304376
  1024897590
  6513340029
  5496797837
  5077160264
  6587490934
  6662316249
  6732615069
  1323866749
  6366859991
  6269719815
  5915551343
  6542611277
  6439862005
  6465844243
  5246500608
  1609189635
  6634255879
  6394631892
  5382286395
  1349760894
  1312102882
  1923575759
  5693684118
  1790732331
  6155396893
  5876043402
  735858614
  6410125861
  2081634083
  6724089118
  223037899
  5536884359
  6133095359
  6060320376
  5891595978
  6534475753
  6003981271
  5549639742
  439966219
  1823661586
  6293574236
  1466430666
  5165742061
  6978412980
  1664864616
  6252143560
  918944301
  1424133297
  6257865276
  6274257505
  6667949741
  1490259790
  1782108067
  186912146
  6289907405
  6819565464
  1908873365
  5732966220
  6026460747
  1812268796
  5429533581
  5620015143
  6918186817
  475713585
  1269640457
  5738299979
  6267264071
  2071205800
  5794786501
  6528894999
  5615713923
  5021608088
  1437885561
  5919588411
  5141034107
  6549784234
  1933597940
  6200678020
  992771582
  5527099598
  1216889615
  5173416072
  870759841
  6062102709
  5921665554
  6381898935
  6300668610
  6527912518
  5916891761
  6774765187
  5956540487
  5927300034
  6245798329
  5940516097
  5689066288
  5000407616
  6379133598
  203222228
  5037687773
  1729704302
  6535579607
  6089096880
  5067043589
  1843565235
  805641652
  6246716375
  2038423814
  1036849815
  1010458357
  1202168499
  6698066998
  1030331755
  5363381007
  5981051451
  6708018530
  5498661637
  5878540017
  5844087134
  1628730946
  6968975080
  6343132992
  6632628066
  5194727297
  6076745407
  5226677649
  5569127492
  6613059353
  1282138273
  5183522144
  1920749638
  5474954569
  6030495323
  6445371092
  531502206
  6756282282
  682400300
  708760874
  5722348504
  198267347
  1210628707
  1922749434
  1680193054
  514272658
  5854167586
  5750777074
  823380555
  5870545837
  1190838182
  2126984699
  1485985606
  6670303700
  6348042830
  430718830
  6527553455
  576061350
  6595944740
  6690684861
  644898563
  873223608
  5385147143
  604063102
  874111652
  5631949006
  5605148490
  573237668
  6050169377
  5578103130
  6806551239
  6171508909
  1412125667
  5599201040
  5429496819
  1389059910
  5730519951
  5891738240
  5975209664
  1357054795
  6488559787
  1453094638
  5252504538
  5567838642
  2145329843
  689497310
  6535535206
  1902419542
  6359715224
  5234348192
  5977357551
  6253242415
  5021969923
  619391962
  5645591743
  5901738199
  6527194703
  5958739828
  6672721582
  6889777310
  5677649323
  5064676564
  5892355783
  258892418
  6558441705
  1562720149
  6015788402
  6820041492
  5291140042
  1394479655
  1977566141
  1631836844
  5311395175
  6914667039
  1750715506
  2029687439
  710360682
  573391393
  500563978
  6213629462
  6036355548
  6031577901
  5915751975
  975312633
  6208584577
  5962279269
  6441606606
  982670999
  6158973358
  5936215120
  1067095309
  5553841969
  1254979734
  5021590651
  6308711103
  1606628208
  6029979819
  6550746558
  653328360
  1886180129
  1690194093
  5977287406
  6443904838
  835772113
  1071776940
  6843814280
  6696643297
  1287948881
  1376291729
  5253566395
  6056132528
  6804616124
  5833371862
  6761721098
  6980745519
  5789918810
  5615374772
  6197900729
  5957673980
  6173721447
  6721677729
  5695732602
  6679828867
  1049779580
  6530692231
  1041627294
  5387966654
  6468690144
  894198607
  5005591098
  5130847791
  5814062056
  6217356043
  5161293805
  6659021462
  5332767898
  1826817748
  6671321386
  2143718069
  5797446385
  6844439955
  5035602399
  5038863450
  6353367328
  6482596157
  2122435588
  1481520108
  5184158089
  6856239077
  6502152614
  6452797530
  6633616799
  1929152035
  5515716095
  6571504391
  1687389721
  1438633009
  5787007285
  1725722544
  5479017341
  2079237145
  1339578665
  711704175
  919298859
  6348303013
  5954336758
  6527683310
  6826130887
  5626975181
  5456015374
  6511548174
  1735784200
  1998331122
  5751273088
  5175699448
  1446039857
  6566542359
  5665313456
  5456813232
  6861704032
  5681233013
  1057855804
  1007678802
  5876793549
  5812578473
  6616425588
  6516210286
  1543046030
  309864848
  6009760023
  835187246
  736265611
  1127210772
  5926974049
  1752397431
  845768913
  1585471539
  6092957518
  5306502650
  1436504605
  999401954
  6661347339
  6255229619
  1007618773
  5450359761
  6228154438
  6421440418
  6812422235
  1655925541
  395986944
  786882553
  1290244524
  6111063445
  5011343550
  6937061271
  291290854
  5507443230
  5862662644
  79636346
  6064260365
  6905119679
  5593198479
  6568893816
  6472159784
  6560906461
  6238656516
  1224749395
  694864072
  1937211555
  799776458
  1561774564
  5848025800
  5347973526
  6545209724
  6003586360
  5186852909
  1642484434
  687673099
  5977495682
  6656140903
  828195152
  6075362188
  5377203876
  1462381015
  1081898639
  5902555221
  6694210311
  6375878652
  6831125163
  1057409477
  1809859601
  5420880631
  1067132553
  5911950741
  5212578038
  5158630871
  6190381647
  6456867113
  6335335771
  1859148020
  5159140091
  5299849056
  6919942401
  5899487114
  5081010235
  1244519461
  6659310738
  6518075051
  5201628944
  6171824034
  6681059487
  6518523946
  5495192065
  5718865894
  1121844036
  6377990699
  6548981606
  5660868328
  6131380700
  5043895711
  6139832450
  6009292878
  6856279072
  5350510212
  5952132121
  5347133499
  1226413250
  2129869559
  5133151613
  5809691834
  5489693676
  956097970
  5928844611
  5993546885
  5162453056
  6633969677
  6073940143
  1316888102
  1786692739
  6156092183
  570841027
  5979457314
  5862884241
  6021631758
  6616672121
  5724605924
  5210890381
  2132491161
  5765486603
  6977081675
  1788503715
  6953247116
  5805748778
  6810144033
  5836954526
  6843432555
  5349568156
  6812642901
  6185159539
  5688446043
  6671568063
  5519541829
  6718920153
  5132889412
  6246127878
  875333160
  6251634823
  1607341215
  6231447460
  1299121653
  5358705414
  6287710493
  1246118787
  6378763598
  1677885628
  614826850
  6300088206
  5896275219
  5796504677
  6300623352
  5012785606
  5865782270
  5127218419
  5309077244
  1939973353
  5048824555
  5836107772
  1089240780
  5332040595
  5427139796
  5020596986
  5665772526
  6364513788
  6149944203
  5126567831
  1139429969
  6434147483
  1140936403
  5528132528
  1976253100
  6332701665
  547694739
  769296118
  2014210307
  552366702
  6811589714
  6894252368
  6156478214
  6415664259
  6641593950
  861617466
  5851309219
  6965607865
  1873583099
  6047172615
  6369564696
  6086395273
  388721095
  5562430213
  6392825599
  5538521715
  5217263412
  342981290
  5916412477
  6824831951
  6885211584
  6641988906
  1864401223
  5933077551
  1211622675
  6855878347
  6935428923
  891376604
  6150785444
  6506133846
  5327462344
  1328756816
  6694274967
  5222019433
  6241347097
  6415549269
  5613353653
  6262597633
  6896505113
  5544346059
  6694153258
  760596220
  719326281
  767258251
  1003454011
  6135748600
  6237987175
  816337275
  6247185453
  1672220263
  6362211687
  6303291045
  6323709143
  5729553812
  1778553374
  6383493848
  6635776954
  5942044097
  1478658860
  5991196764
  6536975822
  445941937
  1081442859
  1277757427
  5040660577
  6045772446
  322922814
  6134411972
  2048539666
  6576457560
  753203644
  1143699335
  5885850721
  5210412377
  5246461747
  6947202815
  6426157556
  6630205730
  1812784553
  6486472162
  6761966921
  6125532413
  5514487946
  6770951829
  1828996547
  6178346291
  1783573325
  6932660153
  1490447018
  5938272714
  5805309418
  6708556474
  5017535787
  6007043524
  5424989553
  5338538791
  6786756500
  5322644973
  6098675915
  789436650
  5427938552
  6302401151
  6062489841
  1171150768
  6674612247
  6221788611
  6865859688
  6320562801
  1984142060
  1921662202
  5963584617
  5166938691
  5997576820
  6026972643
  5758202427
  1863225280
  5973243814
  6034806121
  2047759247
  1298799371
  6725586054
  5766068561
  6147293946
  912507278
  2056458554
  5730914237
  5001172546
  5502770960
  1487047815
  6509033680
  6167666900
  6590138102
  6384186764
  5152201346
  5290406447
  1931191733
  6304942506
  684327054
  5019658146
  1198015503
  5515686335
  5920150140
  5944335429
  1651931668
  5674112600
  6337628451
  6979900038
  627381356
  5067846347
  1095734160
  5179716087
  6518860460
  5868215987
  6033156580
  5610694615
  6159177153
  672549776
  774773845
  6400265736
  6524138849
  6783180858
  1033140929
  1111060063
  435113621
  5424164896
  5154270402
  6902285993
  5419153630
  5980993889
  6299956259
  6576954990
  6199395716
  635776313
  6370938509
  356369766
  5041433214
  6143464562
  5760104307
  5946667860
  5513890855
  6612839435
  6566611898
  6678843886
  2104775110
  1643940234
  5628629240
  5798247256
  6429625772
  1923561460
  6370863946
  6216385618
  6450218385
  6886700374
  1727268005
  636352458
  5949232726
  6359022789
  1429064437
  5383931477
  5519491662
  576410385
  484525765
  5989681729
  1959826678
  6484313240
  2062763973
  6988458745
  1436891527
  5331136056
  5864827538
  5746980086
  6439936473
  5647321106
  5028724197
  5835846495
  5108493856
  924549223
  5088595353
  5913341030
  6981045918
  6759494517
  6014938444
  5464313446
  827436078
  5439479558
  6100381240
  5423221838
  6292059093
  6267493561
  6137316588
  799749337
  471314949
  590067037
  6848836760
  2036870267
  6575983646
  6170835377
  2072506260
  5608977650
  6847202029
  1020011825
  6436350719
  5335876734
  5558435647
  6006131368
  5704357907
  5680481407
  2084434875
  6344773501
  576117294
  6195254027
  5563370379
  6102581374
  1096559416
  5667840801
  6062229547
  938281698
  5381941588
  642521846
  5999953087
  6270966508
  5477160492
  5396135283
  1808457848
  5830435454
  1185250026
  5574746925
  6088077752
  860763183
  5795209942
  6304050098
  5490818749
  5248760609
  5045661746
  1765194400
  1455184200
  6190565044
  6746416845
  6589549204
  1658697098
  713886840
  2072676063
  5595647178
  1301485858
  547891139
  6161705800
  5901299352
  5407390864
  5658949817
  5868343814
  5217631723
  649924487
  613855252
  656521709
  46072904
  6946723002
  1958957027
  5946735350
  5303426926
  1588060459
  6358568321
  5973412996
  1124580038
  6278125314
  6035568724
  6112477118
  6675766782
  1747921059
  5005507793
  5637832483
  6607192495
  1611104836
  1189726206
  6578970537
  6209254498
  472440637
  627124495
  266396281
  2025145803
  6910100501
  6434628840
  6684711545
  1228033385
  1809999526
  5893647741
  5918701792
  5866809654
  5991686103
  1955902615
  1398803845
  6826331883
  5750578497
  5571758033
  6010317356
  6250042640
  1727821141
  5455961391
  5907029674
  1070181108
  5871097889
  2131746637
  5958798550
  1472702552
  6931550377
  5642623806
  1957914878
  5418832098
  5594827963
  957940864
  6745874508
  6755333967
  6875985390
  5625055573
  5543401569
  1791688907
  6447641276
  6154542949
  1473536558
  5117213206
  6074460510
  5505571401
  815580954
  6544135515
  6251916579
  6354408303
  5617943295
  1915087597
  6694803832
  6659011180
  6543095404
  6599205360
  6530218100
  6565337924
  5310936581
  6651941046
  1321584140
  6295080262
  6606618282
  5190275329
  1900090075
  1951480041
  6288141157
  5474874826
  5153270281
  1243947362
  5466638432
  1805267583
  5449020538
  5674102359
  1992121198
  696529815
  5831111581
  5387025959
  6278900885
  1089412111
  1216872434
  6413643314
  1452291905
  910854118
  5877902909
  5908626646
  6898874700
  5864170418
  5092059462
  6414288195
  756152697
  6024360493
  508290060
  6260419847
  881336577
  6164490593
  2030486898
  2064307468
  318265006
  6558022059
  5091003030
  5945086427
  6032613640
  5071980379
  104782503
  6448435941
  6185647654
  6104410247
  5158517391
  5748664494
  5839119335
  1392587170
  1990951968
  5848135822
  5642684726
  6286175920
  6279787892
  5538698236
  5555383372
  6845433750
  5722045191
  2021020250
  5759986638
  1019083739
  494295107
  5126612522
  6140705394
  6920760280
  6054947674
  6297597800
  6108689441
  868434943
  5665091300
  6521649647
  2009247890
  1416750705
  202369899
  6596155014
  1133109139
  6273085898
  5534704872
  1494604983
  5582792575
  653146743
  1768173464
  1710926014
  5011545872
  1751833647
  6064304217
  142728607
  6651233950
  5290337593
  6548905774
  5878461343
  6340679839
  595036856
  6003714205
  450875586
  6239185657
  341559689
  6539424599
  765118920
  6171669281
  5033864731
  5138512449
  5808337785
  6272617696
  6437497002
  6737782972
  5823238336
  5815304405
  5710961332
  5584180583
  6062764320
  5957061963
  5771669410
  6798064884
  5765179090
  6457533816
  6007907132
  2116934972
  5846263561
  6183466410
  6778937737
  1961339347
  6109602693
  856390532
  356980687
  672663218
  711192940
  6242470876
  5455227138
  6007122415
  1421831393
  676533938
  6497902513
  5891860416
  6956679420
  6636815780
  6317247558
  6270394982
  6166659369
  5827959317
  5178783476
  1484282465
  819643876
  1385229431
  888458140
  1126128753
  6074164785
  961909880
  6518601828
  5366087759
  1417890106
  6112935179
  5747457220
  3985890
  5723463320
  5663075011
  1484156666
  249940934
  6676420186
  821386823
  6930073057
  5641725144
  5867572343
  5935443681
  5934648185
  6123578645
  6622831331
  5254082138
  6653255521
  6218634467
  6571621532
  1421119107
  6298677691
  6202835898
  720237025
  5082306752
  5021902794
  5985300950
  5362174081
  6483593637
  5658586822
  6955685115
  5473625668
  5907633211
  6972654130
  1857667451
  734419421
  6510809440
  1370268699
  6057397598
  5789408906
  6389190620
  6209332353
  192862689
  6414274645
  665404975
  452467051
  2058368468
  6573978566
  6700286526
  1730181333
  6101580282
  681613522
  5182567596
  2066464865
  5734785528
  6032099600
  6400141042
  5206777118
  5934612605
  6574503124
  5215559930
  2037558445
  699741101
  6510353999
  6949848035
  6290255362
  6246373065
  1783044665
  6976840052
  6681868428
  6031821943
  1433360689
  483624875
  6587766802
  533507630
  1273569006
  5478466967
  98061456
  532862119
  1840317116
  6909815895
  359457431
  6393000475
  480696371
  6611411350
  1098300688
  6149285654
  780851857
  5886090650
  6342095232
  6021936770
  5361029415
  5951539416
  5894163066
  5772353782
  6336129895
  5542930687
  737465032
  5506664454
  5609693707
  5640487801
  1008660460
  5394285436
  5847734042
  6098969164
  6362558185
  6045964700
  5682913045
  6483919168
  5976911604
  6628267393
  6771330248
  5047931691
  1249725520
  5262821532
  6726378330
  6961090664
  5415486150
  57235034
  316218927
  6628894697
  992025794
  6883848196
  6095609632
  1503293031
  731495435
  6529563277
  6072544940
  6298319178
  6576642044
  5545552524
  6504304073
  733623102
  5558616041
  6233721169
  5677202453
  5573353653
  1528270797
  604126656
  5724986719
  5709889941
  6388193858
  1512412655
  6277966216
  5817331257
  6384627779
  5212809219
  5094741450
  5453338480
  5867322762
  5980015804
  1399385191
  5436623713
  940480479
  1255791523
  1144986724
  6865238078
  6117353049
  293069953
  1070424444
  809974369
  6076334719
  5463114769
  6076417485
  6328015400
  1850190503
  575694916
  6577475298
  6715439505
  1653909109
  1236803707
  625843701
  6416496670
  624775739
  5088208339
  5716443258
  676186978
  616492279
  5244257411
  6290501883
  1209084146
  5534466509
  1908410788
  6422633468
  6063011635
  6275875722
  831515600
  1833110392
  5802823208
  1916280955
  6392614749
  755321460
  5962454789
  893454664
  5290813287
  1971870332
  2095363173
  5826504737
  464801255
  2045629366
  6440440329
  973896892
  5238837428
  1603553273
  5589810917
  6615958772
  5873223142
  1026226651
  5663129698
  6555130055
  127093466
  6143202292
  6772424141
  5945935814
  6369618415
  1478455373
  6431600543
  5035618694
  5302910055
  1479351789
  1618199482
  595176435
  1935096285
  872270128
  1856782543
  5725471945
  6410114257
  6173200271
  5489845247
  1304467265
  6989220731
  1848834776
  6538435738
  6060601224
  6866809298
  463366523
  2064998180
  433438228
  581986475
  2137269844
  5900547866
  223645518
  6825057047
  1328175585
  5734916607
  6511025379
  6169501688
  666144427
  5702315789
  6038366409
  5734078959
  5904266862
  5088859614
  6892712732
  915426847
  2105205177
  1041383706
  268220299
  724802731
  6623344914
  755775717
  6859257891
  5704021052
  6291981371
  1619589031
  6113194808
  5023143602
  5417567939
  6372227863
  6029069953
  6229418224
  1836539237
  1849245020
  5471121067
  5889546415
  6000506098
  1114014687
  931163253
  6236672759
  1356101381
  5534919471
  1954719668
  898479969
  6440439704
  541359536
  5388387130
  6167495910
  5184566391
  5862593606
  5757648892
  6536448728
  6521921612
  1522844067
  5061691237
  1016016884
  6137168293
  610752227
  5125863299
  5160534029
  1794140401
  5300921618
  939975342
  6434834892
  1741906872
  6510846545
  6155950154
  880234059
  1909992922
  1494955788
  5933969586
  1844146841
  5829505535
  6134824568
  1673430437
  5512470759
  6082524568
  998292380
  5712966186
  5163003762
  6345894899
  5339675560
  481569971
  633551926
  6631109765
  5410580633
  6030855904
  6618708713
  6139137112
  6573829727
  1487486747
  1016165018
  5815243511
  5795246490
  6838277087
  6604518281
  6438904136
  5794269058
  5619254152
  476409102
  5333205759
  6060452870
  6144564180
  1954211526
  6013449657
  393877707
  406905599
  5971702215
  6985634306
  6758853150
  6846839127
  5707072221
  5909537957
  1983663250
  609258168
  5354395390
  5321527589
  5324654348
  6584293177
  5757499354
  1379058324
  5863629265
  1942617327
  6261551007
  1945189052
  1245979149
  1760723675
  6550956688
  236679549
  700960084
  997525553
  1043866955
  5059565312
  5665426094
  6183949611
  1150957812
  5053123055
  5499483587
  841713557
  6124881126
  6681360931
  5120535687
  5237762758
  609078827
  6619917587
  6181071663
  5534635571
  6063166633
  1414939750
  5346166304
  6970039221
  5856398416
  438450350
  6049380097
  664665998
  986076791
  1637911948
  6255228988
  5672537816
  5897103894
  5758371627
  6835587421
  2007832629
  1585994417
  6146650584
  6738802034
  1291141210
  358658711
  5672795214
  6669550706
  5034364993
  705621465
  5358553408
  645615279
  659736677
  6177412761
  6458874345
  6556778277
  5404467388
  686903500
  6580579039
  5639805086
  6497459514
  5756954963
  1168438841
  6077566571
  735574416
  5183572468
  1481330567
  1055537196
  2026377107
  5984355083
  5300978532
  6249293447
  6476206983
  6382174589
  5683146583
  6516628805
  1158122012
  1450240752
  5343635932
  861636104
  2043604258
  6727093592
  5501168017
  762617104
  6107214454
  6573694035
  6660843054
  6286757040
  623222292
  6281607472
  5481433034
  6903143922
  2055337203
  6886919190
  189180514
  5091814101
  5564191704
  6269760973
  606483419
  2123084007
  6558422699
  6450959655
  5608118450
  5448312820
  5142180240
  1150901686
  563722059
  528052478
  1407222016
  700910317
  5457045147
  690890170
  1142942224
  5548933733
  6218526402
  6314264339
  6334923846
  1613104465
  1411181254
  5235360989
  1885811691
  5075996356
  5377948088
  6679822592
  6488334479
  6980987719
  5229282816
  6010703664
  52292442
  1267092724
  1085964085
  2037088639
  6117878007
  6197241740
  6159007542
  6234189214
  5691482820
  5183951257
  1855668169
  6536474600
  6365568877
  6018081628
  6374470295
  5891165865
  5418538629
  5246098429
  1892464503
  5908725393
  6708934390
  6034379530
  6395463499
  5430420221
  1817199745
  2057309187
  1986661577
  5195545464
  6337484952
  6114122824
  6726085969
  5691339370
  6482658076
  5122684322
  6255320854
  846700239
  251201509
  5189580514
  5907547490
  6832140111
  363928770
  5140250484
  5267779686
  5747995119
  1926294508
  367743934
  1880346583
  5984063207
  6732182926
  5293312567
  5025877409
  1120447749
  1112919160
  1180884799
  1913867514
  5005269759
  6241130324
  5923866456
  1825881166
  1738487840
  5434023840
  6067256433
  6385051844
  5012361133
  1645622159
  5431246816
  312548839
  5761595204
  5783047512
  6438800402
  2086161675
  5270971030
  5353366831
  5627294202
  6365756579
  2105695611
  6397280910
  5776131431
  1860768493
  1074756414
  5954527351
  6794160668
  6384601385
  5955803032
  6135553666
  5376763613
  5853584840
  6440457803
  6007089282
  6359844874
  5975443809
  546079217
  5031788339
  843431894
  1562824888
  807541349
  551073123
  5520901716
  139799039
  272955356
  6430795031
  5862854081
  6169514897
  6759128840
  6390892002
  6624081263
  663877218
  1061994046
  5589910910
  6225333974
  6519370165
  1774193376
  5290582452
  5594811349
  329442439
  1900086004
  595432216
  658924652
  6438763302
  733387384
  2100573410
  606019213
  6526886296
  6670870328
  5795592330
  1453727179
  6250220450
  1491466449
  6095551025
  667525367
  1383465394
  539215715
  5875237074
  5021162785
  1918443549
  1277224880
  6548923174
  1940997069
  5975271107
  542328873
  247091386
  5051552473
  5828436332
  5673322172
  6212712994
  762119265
  5635745580
  725667697
  6776979673
  5033690650
  2067660423
  1942957814
  6264285371
  6394913356
  6889437790
  5994973305
